2.217096710205078125e+01
9.527199707031250000e+02
5.989613723754882812e+01
3.126737403869628906e+01
6.491089630126953125e+01
5.222587203979492188e+01
3.168468666076660156e+01
1.048786640167236328e+01
2.041748762130737305e+00
1.309344577789306641e+01
1.553258609771728516e+01
7.228091716766357422e+00
2.194280147552490234e+00
2.908808469772338867e+00
5.823782444000244141e+00
7.513111591339111328e+00
7.051247596740722656e+00
5.061974048614501953e+00
2.939225912094116211e+00
1.922448873519897461e+00
2.447331190109252930e+00
3.769299745559692383e+00
4.394611835479736328e+00
3.741213798522949219e+00
2.580044507980346680e+00
1.921204090118408203e+00
2.067344903945922852e+00
2.635930538177490234e+00
3.078143596649169922e+00
3.081218481063842773e+00
2.681785821914672852e+00
2.168773889541625977e+00
1.880621314048767090e+00
1.974317669868469238e+00
2.288027524948120117e+00
2.486565828323364258e+00
2.380084037780761719e+00
2.088830709457397461e+00
1.881043314933776855e+00
1.849746346473693848e+00
1.911128163337707520e+00
1.979189276695251465e+00
1.988553285598754883e+00
1.932458043098449707e+00
1.856939315795898438e+00
1.817969560623168945e+00
1.834513902664184570e+00
1.875097513198852539e+00
1.890892863273620605e+00
1.863376855850219727e+00
1.817518234252929688e+00
1.790896177291870117e+00
1.796613454818725586e+00
1.816463470458984375e+00
1.823412299156188965e+00
1.806947231292724609e+00
1.779458165168762207e+00
1.761674404144287109e+00
1.762403964996337891e+00
1.771508574485778809e+00
1.772184014320373535e+00
1.758739471435546875e+00
1.740682482719421387e+00
1.730524897575378418e+00
1.730669260025024414e+00
1.732895731925964355e+00
1.728452205657958984e+00
1.716786026954650879e+00
1.704751849174499512e+00
1.698525190353393555e+00
1.697286367416381836e+00
1.695064425468444824e+00
1.687901616096496582e+00
1.677853941917419434e+00
1.669753789901733398e+00
1.665454864501953125e+00
1.662341594696044922e+00
1.656959891319274902e+00
1.648917436599731445e+00
1.640811324119567871e+00
1.634861230850219727e+00
1.630465269088745117e+00
1.625310659408569336e+00
1.618318796157836914e+00
1.610710144042968750e+00
1.604178190231323242e+00
1.598834156990051270e+00
1.593329071998596191e+00
1.586711883544921875e+00
1.579475045204162598e+00
1.572730898857116699e+00
1.566774010658264160e+00
1.560840368270874023e+00
1.554227590560913086e+00
1.547151088714599609e+00
1.540327668190002441e+00
1.533989191055297852e+00
1.527664780616760254e+00
1.520904541015625000e+00
1.513838052749633789e+00
1.506918787956237793e+00
1.500277400016784668e+00
1.493610620498657227e+00
1.486646652221679688e+00
1.479501605033874512e+00
1.472459912300109863e+00
1.465563416481018066e+00
1.458595156669616699e+00
1.451412558555603027e+00
1.444134950637817383e+00
1.436923265457153320e+00
1.429766058921813965e+00
1.422512650489807129e+00
1.415111660957336426e+00
1.407669305801391602e+00
1.400267839431762695e+00
1.392848610877990723e+00
1.385326623916625977e+00
1.377706289291381836e+00
1.370067834854125977e+00
1.362431645393371582e+00
1.354741454124450684e+00
1.346959590911865234e+00
1.339118123054504395e+00
1.331262111663818359e+00
1.323372960090637207e+00
1.315412402153015137e+00
1.307374715805053711e+00
1.299298644065856934e+00
1.291191697120666504e+00
1.283028125762939453e+00
1.274793148040771484e+00
1.266504526138305664e+00
1.258182168006896973e+00
1.249801754951477051e+00
1.241357445716857910e+00
1.232853174209594727e+00
1.224300980567932129e+00
1.215699076652526855e+00
1.207034349441528320e+00
1.198304891586303711e+00
1.189527630805969238e+00
1.180695414543151855e+00
1.171801805496215820e+00
1.162844419479370117e+00
1.153830051422119141e+00
1.144759893417358398e+00
1.135630369186401367e+00
1.126437544822692871e+00
1.117185354232788086e+00
1.107876539230346680e+00
1.098504781723022461e+00
1.089069962501525879e+00
1.079573154449462891e+00
1.070017576217651367e+00
1.060400366783142090e+00
1.050720334053039551e+00
1.040979743003845215e+00
1.031178951263427734e+00
1.021313190460205078e+00
1.011385560035705566e+00
1.001394867897033691e+00
9.913433194160461426e-01
9.812300801277160645e-01
9.710535407066345215e-01
9.608181715011596680e-01
9.505206942558288574e-01
9.401616454124450684e-01
9.297410249710083008e-01
9.192600846290588379e-01
9.087203741073608398e-01
8.981207609176635742e-01
8.874632716178894043e-01
8.767468333244323730e-01
8.659742474555969238e-01
8.551442623138427734e-01
8.442637324333190918e-01
8.333185911178588867e-01
8.223264217376708984e-01
8.112804889678955078e-01
8.001835942268371582e-01
7.890380620956420898e-01
7.778429388999938965e-01
7.665996551513671875e-01
7.553134560585021973e-01
7.439821362495422363e-01
7.326108217239379883e-01
7.212010622024536133e-01
7.097521424293518066e-01
6.982699036598205566e-01
6.867557764053344727e-01
6.752139329910278320e-01
6.636467576026916504e-01
6.520535945892333984e-01
6.404399871826171875e-01
6.288068890571594238e-01
6.171606779098510742e-01
6.055024266242980957e-01
5.938382744789123535e-01
5.821724534034729004e-01
5.705082416534423828e-01
5.588499903678894043e-01
5.472021698951721191e-01
5.355709791183471680e-01
5.239615440368652344e-01
5.123766064643859863e-01
5.008246302604675293e-01
4.893092513084411621e-01
4.778367280960083008e-01
4.664132297039031982e-01
4.550443291664123535e-01
4.437387585639953613e-01
4.324990212917327881e-01
4.213344752788543701e-01
4.102514684200286865e-01
3.992565572261810303e-01
3.883580267429351807e-01
3.775609433650970459e-01
3.668732941150665283e-01
3.563026487827301025e-01
3.458572030067443848e-01
3.355428278446197510e-01
3.253680765628814697e-01
3.153409361839294434e-01
3.054667413234710693e-01
2.957537770271301270e-01
2.862115204334259033e-01
2.768441438674926758e-01
2.676596939563751221e-01
2.586652934551239014e-01
2.498668730258941650e-01
2.412723004817962646e-01
2.328862994909286499e-01
2.247146666049957275e-01
2.167642861604690552e-01
2.090380042791366577e-01
2.015421837568283081e-01
1.942794620990753174e-01
1.872561424970626831e-01
1.804740428924560547e-01
1.739344298839569092e-01
1.671414673328399658e-01
1.637651324272155762e-01
1.558202356100082397e-01
1.521530747413635254e-01
1.450032144784927368e-01
1.414632946252822876e-01
1.351377218961715698e-01
1.318832188844680786e-01
1.262509226799011230e-01
1.232592239975929260e-01
1.183280870318412781e-01
1.156076118350028992e-01
1.113637909293174744e-01
1.087965220212936401e-01
1.053321808576583862e-01
1.028337106108665466e-01
1.001419350504875183e-01
9.766110777854919434e-02
9.569828212261199951e-02
9.331534802913665771e-02
9.184300154447555542e-02
8.977121859788894653e-02
8.850810676813125610e-02
8.694415539503097534e-02
8.567757904529571533e-02
8.465763926506042480e-02
8.342704176902770996e-02
8.271857351064682007e-02
8.175053447484970093e-02
8.108089119195938110e-02
8.049419522285461426e-02
7.981674373149871826e-02
7.946219295263290405e-02
7.895795255899429321e-02
7.859741896390914917e-02
7.835194468498229980e-02
7.800116389989852905e-02
7.784032076597213745e-02
7.764960825443267822e-02
7.745376229286193848e-02
7.738756388425827026e-02
7.725193351507186890e-02
7.716618478298187256e-02
7.714123278856277466e-02
7.705713063478469849e-02
7.703424990177154541e-02
7.702815532684326172e-02
7.698275893926620483e-02
7.699059695005416870e-02
7.699277251958847046e-02
7.697233557701110840e-02
7.698985189199447632e-02
7.699609547853469849e-02
7.698789983987808228e-02
7.700698822736740112e-02
7.701315730810165405e-02
7.701042294502258301e-02
7.702549546957015991e-02
7.703075557947158813e-02
7.702778279781341553e-02
7.703876495361328125e-02
7.704148441553115845e-02
7.703845947980880737e-02
7.704398036003112793e-02
7.704488188028335571e-02
7.704005390405654907e-02
7.704213261604309082e-02
7.704177498817443848e-02
7.703606784343719482e-02
7.703498005867004395e-02
7.703369110822677612e-02
7.702796906232833862e-02
7.702495902776718140e-02
7.702305912971496582e-02
7.701800763607025146e-02
7.701395452022552490e-02
7.701129466295242310e-02
7.700752466917037964e-02
7.700339704751968384e-02
7.700134068727493286e-02
7.699799537658691406e-02
7.699407637119293213e-02
7.699228078126907349e-02
7.699003070592880249e-02
7.698698341846466064e-02
7.698532938957214355e-02
7.698324322700500488e-02
7.698111236095428467e-02
7.697966694831848145e-02
7.697889953851699829e-02
7.697691768407821655e-02
7.697618007659912109e-02
7.697515934705734253e-02
7.697442173957824707e-02
7.697372138500213623e-02
7.697294652462005615e-02
7.697253674268722534e-02
7.697197794914245605e-02
7.697183638811111450e-02
7.697140425443649292e-02
7.697113603353500366e-02
7.697097957134246826e-02
7.697089016437530518e-02
7.697115093469619751e-02
7.697080820798873901e-02
7.697083801031112671e-02
7.697106152772903442e-02
7.697095721960067749e-02
7.697053253650665283e-02
7.697077095508575439e-02
7.697071135044097900e-02
7.697086036205291748e-02
7.697103172540664673e-02
7.697079330682754517e-02
7.697110623121261597e-02
7.697088271379470825e-02
7.697071880102157593e-02
7.697089016437530518e-02
7.697086036205291748e-02
7.697110623121261597e-02
7.697083801031112671e-02
7.697078585624694824e-02
7.697071135044097900e-02
7.697086036205291748e-02
7.697100937366485596e-02
7.697076350450515747e-02
7.697105407714843750e-02
7.697070389986038208e-02
7.697078585624694824e-02
7.697093486785888672e-02
7.697098702192306519e-02
7.697113603353500366e-02
7.697119563817977905e-02
7.697085291147232056e-02
7.697105407714843750e-02
7.697058469057083130e-02
7.697109133005142212e-02
7.697085291147232056e-02
7.697089761495590210e-02
7.697039097547531128e-02
7.697056978940963745e-02
7.697053253650665283e-02
7.697070389986038208e-02
7.697057723999023438e-02
7.697112858295440674e-02
7.697052508592605591e-02
7.697065174579620361e-02
7.697089761495590210e-02
7.697072625160217285e-02
7.697100937366485596e-02
7.697077095508575439e-02
7.697100192308425903e-02
7.697094976902008057e-02
7.697045058012008667e-02
7.697049528360366821e-02
7.697068154811859131e-02
7.697108387947082520e-02
7.697085291147232056e-02
7.697086036205291748e-02
7.697089761495590210e-02
7.697086036205291748e-02
7.697106152772903442e-02
7.697097957134246826e-02
7.697082310914993286e-02
7.697066664695739746e-02
7.697069644927978516e-02
7.697091251611709595e-02
7.697077095508575439e-02
7.697079330682754517e-02
7.697061449289321899e-02
7.697077840566635132e-02
7.697057723999023438e-02
7.697049528360366821e-02
7.697070389986038208e-02
7.697059214115142822e-02
7.697053253650665283e-02
7.697060704231262207e-02
7.697055488824844360e-02
7.697066664695739746e-02
7.697083801031112671e-02
7.697086781263351440e-02
7.697058469057083130e-02
7.697065174579620361e-02
7.697092741727828979e-02
7.697089016437530518e-02
7.697090506553649902e-02
7.697078585624694824e-02
7.697092741727828979e-02
7.697081565856933594e-02
7.697074115276336670e-02
7.697079330682754517e-02
7.697085291147232056e-02
7.697083055973052979e-02
7.697056233882904053e-02
7.697069644927978516e-02
7.697074115276336670e-02
7.697101682424545288e-02
7.697093486785888672e-02
7.697092741727828979e-02
7.697093486785888672e-02
7.697085291147232056e-02
7.697083801031112671e-02
7.697091996669769287e-02
7.697086036205291748e-02
7.697091251611709595e-02
7.697104662656784058e-02
7.697113603353500366e-02
7.697105407714843750e-02
7.697091251611709595e-02
7.697095721960067749e-02
7.697080820798873901e-02
7.697103172540664673e-02
7.697083055973052979e-02
7.697077840566635132e-02
7.697080820798873901e-02
7.697090506553649902e-02
7.697096467018127441e-02
7.697091251611709595e-02
7.697094231843948364e-02
7.697077840566635132e-02
7.697084546089172363e-02
7.697081565856933594e-02
7.697083055973052979e-02
7.697085291147232056e-02
7.697093486785888672e-02
7.697084546089172363e-02
7.697094976902008057e-02
7.697103172540664673e-02
7.697090506553649902e-02
7.697103917598724365e-02
7.697086036205291748e-02
7.697093486785888672e-02
7.697100192308425903e-02
7.697080075740814209e-02
7.697094976902008057e-02
7.697076350450515747e-02
7.697104662656784058e-02
7.697081565856933594e-02
7.697080820798873901e-02
7.697095721960067749e-02
7.697074860334396362e-02
7.697074860334396362e-02
7.697083055973052979e-02
7.697080075740814209e-02
7.697076350450515747e-02
7.697090506553649902e-02
7.697077840566635132e-02
7.697089016437530518e-02
7.697071880102157593e-02
7.697091996669769287e-02
7.697083801031112671e-02
7.697084546089172363e-02
7.697081565856933594e-02
7.697083055973052979e-02
7.697096467018127441e-02
7.697082310914993286e-02
7.697080820798873901e-02
7.697082310914993286e-02
7.697090506553649902e-02
7.697053998708724976e-02
7.697055488824844360e-02
7.697080820798873901e-02
7.697082310914993286e-02
7.697059959173202515e-02
7.697081565856933594e-02
7.697089761495590210e-02
7.697062194347381592e-02
7.697083055973052979e-02
7.697077095508575439e-02
7.697058469057083130e-02
7.697069644927978516e-02
7.697074115276336670e-02
7.697060704231262207e-02
7.697062939405441284e-02
7.697074860334396362e-02
7.697056233882904053e-02
7.697059214115142822e-02
7.697062194347381592e-02
7.697085291147232056e-02
7.697077095508575439e-02
7.697103917598724365e-02
7.697077095508575439e-02
7.697100937366485596e-02
7.697074115276336670e-02
7.697088271379470825e-02
7.697053253650665283e-02
7.697103917598724365e-02
7.697060704231262207e-02
7.697062194347381592e-02
7.697086036205291748e-02
7.697052508592605591e-02
7.697094231843948364e-02
7.697078585624694824e-02
7.697086781263351440e-02
7.697084546089172363e-02
7.697103172540664673e-02
7.697076350450515747e-02
7.697062939405441284e-02
7.697078585624694824e-02
7.697079330682754517e-02
7.697071880102157593e-02
7.697064429521560669e-02
7.697061449289321899e-02
7.697081565856933594e-02
7.697095721960067749e-02
7.697103917598724365e-02
7.697122544050216675e-02
7.697197794914245605e-02
7.697401940822601318e-02
7.697901874780654907e-02
7.699417322874069214e-02
7.703591883182525635e-02
7.715539634227752686e-02
7.749665528535842896e-02
7.848026603460311890e-02
8.134657889604568481e-02
8.969185501337051392e-02
1.142198890447616577e-01
1.839031279087066650e-01
3.750525712966918945e-01
7.694846987724304199e-01
1.371154069900512695e+00
1.119106411933898926e+00
3.646802604198455811e-01
1.284667551517486572e-01
6.329647898674011230e-01
4.701239168643951416e-01
1.163811683654785156e-01
4.908395707607269287e-01
1.467080861330032349e-01
3.061934411525726318e-01
2.460160553455352783e-01
1.565461605787277222e-01
2.915492951869964600e-01
1.037290915846824646e-01
2.742527127265930176e-01
1.122215464711189270e-01
2.107520401477813721e-01
1.419049650430679321e-01
1.507628858089447021e-01
1.683619618415832520e-01
1.122993454337120056e-01
1.749260574579238892e-01
9.593237936496734619e-02
1.594638228416442871e-01
9.904052317142486572e-02
1.352863460779190063e-01
1.112908646464347839e-01
1.097970753908157349e-01
1.202720701694488525e-01
9.220632165670394897e-02
1.198424771428108215e-01
8.712768554687500000e-02
1.104741543531417847e-01
9.119117259979248047e-02
9.608950465917587280e-02
9.690935909748077393e-02
8.474505692720413208e-02
9.770739823579788208e-02
