3.342195892333984375e+01
4.223910331726074219e+00
8.721252441406250000e+00
2.571272134780883789e+00
2.721872091293334961e+00
3.079642057418823242e+00
1.761798620223999023e+00
1.897673726081848145e+00
2.390723228454589844e+00
1.794117212295532227e+00
1.681531667709350586e+00
1.659619688987731934e+00
1.527034759521484375e+00
1.704781413078308105e+00
1.627694010734558105e+00
1.536297917366027832e+00
1.507099270820617676e+00
1.484560370445251465e+00
1.533046603202819824e+00
1.515366911888122559e+00
1.470040798187255859e+00
1.443166732788085938e+00
1.437265872955322266e+00
1.449996709823608398e+00
1.433060288429260254e+00
1.407879233360290527e+00
1.388540029525756836e+00
1.383790969848632812e+00
1.379116177558898926e+00
1.361015915870666504e+00
1.341909646987915039e+00
1.330840587615966797e+00
1.323597908020019531e+00
1.308550953865051270e+00
1.290561556816101074e+00
1.278336882591247559e+00
1.270409464836120605e+00
1.254864096641540527e+00
1.233886241912841797e+00
1.221451878547668457e+00
1.211101770401000977e+00
1.192214608192443848e+00
1.174693703651428223e+00
1.162995815277099609e+00
1.146224498748779297e+00
1.141070723533630371e+00
1.111816167831420898e+00
1.099714994430541992e+00
1.085240721702575684e+00
1.066271066665649414e+00
1.040518045425415039e+00
1.014439582824707031e+00
1.000855445861816406e+00
9.735315442085266113e-01
9.548689723014831543e-01
9.340391755104064941e-01
9.086829423904418945e-01
8.895760774612426758e-01
8.645656108856201172e-01
8.423309326171875000e-01
8.201870918273925781e-01
7.957597970962524414e-01
7.720108628273010254e-01
7.501690387725830078e-01
7.282992005348205566e-01
7.021916508674621582e-01
6.823205947875976562e-01
6.559627056121826172e-01
6.369130611419677734e-01
6.109056472778320312e-01
5.915649533271789551e-01
5.671739578247070312e-01
5.484126210212707520e-01
5.272368192672729492e-01
5.155299305915832520e-01
5.070322155952453613e-01
5.140640139579772949e-01
5.033044815063476562e-01
4.346060454845428467e-01
4.239716231822967529e-01
4.053458273410797119e-01
3.937250077724456787e-01
3.699663579463958740e-01
3.452920615673065186e-01
3.397714197635650635e-01
3.125657439231872559e-01
3.121020793914794922e-01
2.986008822917938232e-01
3.456921279430389404e-01
3.119676709175109863e-01
2.846809327602386475e-01
2.696836888790130615e-01
2.289518117904663086e-01
2.510206997394561768e-01
2.222847193479537964e-01
1.996827870607376099e-01
2.146529406309127808e-01
1.862911880016326904e-01
1.798066794872283936e-01
1.833364814519882202e-01
1.693302989006042480e-01
1.619956195354461670e-01
1.556186974048614502e-01
1.485997587442398071e-01
1.418376117944717407e-01
1.373351663351058960e-01
1.319913864135742188e-01
1.260325908660888672e-01
1.219627410173416138e-01
1.179993748664855957e-01
1.132668480277061462e-01
1.090273931622505188e-01
1.059774160385131836e-01
1.024613901972770691e-01
9.893644601106643677e-02
9.613832086324691772e-02
9.348261356353759766e-02
9.055077284574508667e-02
8.567665517330169678e-02
8.304497599601745605e-02
8.266727626323699951e-02
7.875645905733108521e-02
7.593001425266265869e-02
7.491827011108398438e-02
7.263677567243576050e-02
6.637205928564071655e-02
6.608071178197860718e-02
6.497644633054733276e-02
6.137110665440559387e-02
5.769628286361694336e-02
5.633976683020591736e-02
5.527915433049201965e-02
5.319149419665336609e-02
5.084311217069625854e-02
4.918347299098968506e-02
4.812971502542495728e-02
4.681352153420448303e-02
4.510973393917083740e-02
4.340181127190589905e-02
4.207724332809448242e-02
4.098834469914436340e-02
3.986955434083938599e-02
3.860428556799888611e-02
3.745964914560317993e-02
3.655062243342399597e-02
3.556279093027114868e-02
3.457752242684364319e-02
3.360976651310920715e-02
3.260337933897972107e-02
3.171423077583312988e-02
3.086137771606445312e-02
3.019647672772407532e-02
2.945629879832267761e-02
2.858236804604530334e-02
2.798028476536273956e-02
2.733581326901912689e-02
2.681152522563934326e-02
2.612883038818836212e-02
2.546097524464130402e-02
2.487690374255180359e-02
2.428985573351383209e-02
2.380245365202426910e-02
2.338547445833683014e-02
2.290273644030094147e-02
2.246847748756408691e-02
2.197441086173057556e-02
2.149502001702785492e-02
2.109632082283496857e-02
2.069017104804515839e-02
2.032575011253356934e-02
2.003129385411739349e-02
1.964411512017250061e-02
1.930039562284946442e-02
1.891855709254741669e-02
1.845940947532653809e-02
1.802854239940643311e-02
1.756605505943298340e-02
1.713179610669612885e-02
1.676838658750057220e-02
1.644663885235786438e-02
1.617985032498836517e-02
1.596432365477085114e-02
1.574064604938030243e-02
1.560371927917003632e-02
1.558620948344469070e-02
1.571425423026084900e-02
1.608299463987350464e-02
1.669447682797908783e-02
1.738071814179420471e-02
1.763478107750415802e-02
1.532582938671112061e-02
1.693154871463775635e-02
1.968950033187866211e-02
2.366358228027820587e-02
2.833153307437896729e-02
3.416746854782104492e-02
3.939388319849967957e-02
4.342528432607650757e-02
4.389245435595512390e-02
3.905473276972770691e-02
2.992829866707324982e-02
1.982144825160503387e-02
1.772148348391056061e-02
2.082948014140129089e-02
2.787569165229797363e-02
3.027056343853473663e-02
3.148618340492248535e-02
2.973167598247528076e-02
2.733608894050121307e-02
2.494093962013721466e-02
2.149747870862483978e-02
1.676836051046848297e-02
1.324201468378305435e-02
1.096270605921745300e-02
1.119480375200510025e-02
1.359300781041383743e-02
1.515546347945928574e-02
1.330952066928148270e-02
9.772461839020252228e-03
8.204965852200984955e-03
8.511018939316272736e-03
8.562977425754070282e-03
7.920049130916595459e-03
7.372690830379724503e-03
7.080759387463331223e-03
7.034579757601022720e-03
7.973916828632354736e-03
9.136989712715148926e-03
1.110090129077434540e-02
1.203147228807210922e-02
1.158475317060947418e-02
1.012468896806240082e-02
7.781998720020055771e-03
5.600067321211099625e-03
4.952780902385711670e-03
5.016289651393890381e-03
5.350557621568441391e-03
5.488081369549036026e-03
6.346249487251043320e-03
8.100243285298347473e-03
1.260334998369216919e-02
1.877544634044170380e-02
2.598845213651657104e-02
1.923938654363155365e-02
1.957786642014980316e-02
1.314163208007812500e-02
1.013724692165851593e-02
5.786796100437641144e-03
5.352656822651624680e-03
6.474779453128576279e-03
7.999050430953502655e-03
1.060403045266866684e-02
1.282859034836292267e-02
1.595849916338920593e-02
1.997381262481212616e-02
2.605563774704933167e-02
3.430940210819244385e-02
4.704510793089866638e-02
6.415008008480072021e-02
8.489313721656799316e-02
1.043474748730659485e-01
1.155840158462524414e-01
1.090626865625381470e-01
7.747051119804382324e-02
4.460079595446586609e-02
5.659658834338188171e-02
7.203522324562072754e-02
4.467316344380378723e-02
4.266328364610671997e-02
5.011008679866790771e-02
4.200707003474235535e-02
2.682732790708541870e-02
3.944034501910209656e-02
3.113596513867378235e-02
2.424257434904575348e-02
3.051315993070602417e-02
2.563723176717758179e-02
1.778260618448257446e-02
1.978277228772640228e-02
1.851128041744232178e-02
2.128528617322444916e-02
2.143507823348045349e-02
1.479638647288084030e-02
1.616422086954116821e-02
2.047474123537540436e-02
1.382944360375404358e-02
1.109091751277446747e-02
1.061044540256261826e-02
1.156805548816919327e-02
1.223210897296667099e-02
1.236231531947851181e-02
1.057816483080387115e-02
1.255822833627462387e-02
1.368313375860452652e-02
1.018703356385231018e-02
1.231740228831768036e-02
1.794118247926235199e-02
1.572864875197410583e-02
1.219645608216524124e-02
1.453898660838603973e-02
1.500976085662841797e-02
1.223564893007278442e-02
1.475946884602308273e-02
2.098982036113739014e-02
1.782956533133983612e-02
1.498207170516252518e-02
1.678176410496234894e-02
1.689655520021915436e-02
1.557756494730710983e-02
2.066657878458499908e-02
2.612374164164066315e-02
1.553130522370338440e-02
1.023458503186702728e-02
1.123292930424213409e-02
1.104006543755531311e-02
7.690309546887874603e-03
1.021431665867567062e-02
1.316997501999139786e-02
9.613990783691406250e-03
7.835418917238712311e-03
9.745937772095203400e-03
1.027334760874509811e-02
9.320873767137527466e-03
1.566133275628089905e-02
2.215714007616043091e-02
1.612910069525241852e-02
1.262202206999063492e-02
1.603751070797443390e-02
1.885643601417541504e-02
1.678321696817874908e-02
9.409907273948192596e-03
1.529018208384513855e-02
2.178289555013179779e-02
1.214890088886022568e-02
7.816214114427566528e-03
9.862336330115795135e-03
1.301063969731330872e-02
7.048587780445814133e-03
9.709211997687816620e-03
1.683318614959716797e-02
1.514620613306760788e-02
1.161372195929288864e-02
7.398518268018960953e-03
8.423930965363979340e-03
1.043752487748861313e-02
7.760596461594104767e-03
1.097447052597999573e-02
1.973365619778633118e-02
2.494630217552185059e-02
2.042944543063640594e-02
2.327916026115417480e-02
2.761861681938171387e-02
3.083821758627891541e-02
2.935436367988586426e-02
1.494634337723255157e-02
1.778123900294303894e-02
3.002419508993625641e-02
2.010863833129405975e-02
1.015977188944816589e-02
1.238580886274576187e-02
1.427849847823381424e-02
1.189117413014173508e-02
1.410659030079841614e-02
7.032404188066720963e-03
9.204902686178684235e-03
1.562668569386005402e-02
1.408388465642929077e-02
6.875420920550823212e-03
8.244888857007026672e-03
1.112738344818353653e-02
1.172717474400997162e-02
1.136804837733507156e-02
7.857567630708217621e-03
1.173866167664527893e-02
2.045103348791599274e-02
1.453821826726198196e-02
6.512455642223358154e-03
5.732920486479997635e-03
5.682158283889293671e-03
5.183368921279907227e-03
6.681181956082582474e-03
3.762547858059406281e-03
4.840068519115447998e-03
8.901322260499000549e-03
1.443684753030538559e-02
1.608689501881599426e-02
1.423975080251693726e-02
6.243714131414890289e-03
9.545693174004554749e-03
1.468180399388074875e-02
1.727353595197200775e-02
1.904351450502872467e-02
1.458799652755260468e-02
1.089532300829887390e-02
1.566070131957530975e-02
2.942420355975627899e-02
2.524918876588344574e-02
1.642528735101222992e-02
1.840641163289546967e-02
2.577557973563671112e-02
3.504836559295654297e-02
2.909583784639835358e-02
2.575952373445034027e-02
1.487091090530157089e-02
2.109817042946815491e-02
3.435534983873367310e-02
2.378204651176929474e-02
1.328514236956834793e-02
1.624115370213985443e-02
1.891504041850566864e-02
1.406616251915693283e-02
1.404880639165639877e-02
6.914099678397178650e-03
9.943718090653419495e-03
1.564747281372547150e-02
9.524824097752571106e-03
8.509392850100994110e-03
1.042500231415033340e-02
3.712118137627840042e-03
7.539888843894004822e-03
7.241197861731052399e-03
6.600302644073963165e-03
7.999481633305549622e-03
1.001067273318767548e-02
1.061918679624795914e-02
2.206837385892868042e-02
3.666754812002182007e-02
3.524718806147575378e-02
2.194122411310672760e-02
9.144291281700134277e-03
1.170857250690460205e-02
1.578712835907936096e-02
1.498880703002214432e-02
1.302332524210214615e-02
1.042366307228803635e-02
1.192023791372776031e-02
2.241036854684352875e-02
3.320806473493576050e-02
2.368399128317832947e-02
2.593003027141094208e-02
1.384636852890253067e-02
1.983047276735305786e-02
3.026659227907657623e-02
2.833398804068565369e-02
2.761481702327728271e-02
1.745813526213169098e-02
1.708098314702510834e-02
2.764680422842502594e-02
2.543772198259830475e-02
2.154108509421348572e-02
2.312970533967018127e-02
1.485462207347154617e-02
9.440194815397262573e-03
1.004822086542844772e-02
2.035536058247089386e-02
3.058225847780704498e-02
2.001311071217060089e-02
1.013000495731830597e-02
1.850716583430767059e-02
2.655456401407718658e-02
2.258757129311561584e-02
1.979700289666652679e-02
1.126256305724382401e-02
1.259659416973590851e-02
2.458486892282962799e-02
1.967489533126354218e-02
1.265926379710435867e-02
1.702611148357391357e-02
5.349935498088598251e-03
6.023846566677093506e-03
4.763460718095302582e-03
2.745877951383590698e-03
2.092701615765690804e-03
2.808589255437254906e-03
3.990672528743743896e-03
5.415406543761491776e-03
8.196328766644001007e-03
4.630031064152717590e-03
3.170026233419775963e-03
4.294941201806068420e-03
4.934298340231180191e-03
3.678825451061129570e-03
4.731018096208572388e-03
2.402680693194270134e-03
4.497256595641374588e-03
9.998938068747520447e-03
1.116928365081548691e-02
8.816389366984367371e-03
1.036567427217960358e-02
1.202938612550497055e-02
1.643106527626514435e-02
1.931315101683139801e-02
1.576646976172924042e-02
1.493330858647823334e-02
1.392745319753885269e-02
2.018826082348823547e-02
4.015590995550155640e-02
4.563880711793899536e-02
3.001886047422885895e-02
3.753199055790901184e-02
4.225390776991844177e-02
4.971323162317276001e-02
5.532617494463920593e-02
3.703499585390090942e-02
1.873523928225040436e-02
2.584876678884029388e-02
4.213114455342292786e-02
2.531341090798377991e-02
3.069889172911643982e-02
3.091440536081790924e-02
2.140009030699729919e-02
1.512102223932743073e-02
1.455670967698097229e-02
2.466152794659137726e-02
2.082855999469757080e-02
1.338242739439010620e-02
1.572627760469913483e-02
1.500003691762685776e-02
1.299121510237455368e-02
1.011511217802762985e-02
1.199029665440320969e-02
1.905385218560695648e-02
1.978869736194610596e-02
1.187536772340536118e-02
1.406980305910110474e-02
1.354930549860000610e-02
1.155186165124177933e-02
7.392803207039833069e-03
8.462425321340560913e-03
1.584515161812305450e-02
1.812328584492206573e-02
1.023720856755971909e-02
1.017841883003711700e-02
1.023977529257535934e-02
8.083467371761798859e-03
5.851604510098695755e-03
7.913147099316120148e-03
1.256035268306732178e-02
1.223898679018020630e-02
8.670796640217304230e-03
7.346493657678365707e-03
9.377941489219665527e-03
1.076999586075544357e-02
7.182924076914787292e-03
6.722406484186649323e-03
1.089659985154867172e-02
1.874203048646450043e-02
1.590092107653617859e-02
1.084070838987827301e-02
1.192373502999544144e-02
1.490361522883176804e-02
1.455566380172967911e-02
1.080682594329118729e-02
8.959377184510231018e-03
1.089581940323114395e-02
1.447857823222875595e-02
2.167440019547939301e-02
2.003066800534725189e-02
7.266528438776731491e-03
5.173284094780683517e-03
6.078526377677917480e-03
6.300311535596847534e-03
5.299727898091077805e-03
3.810107707977294922e-03
3.046279773116111755e-03
5.710491444915533066e-03
9.082210250198841095e-03
6.245383527129888535e-03
4.830674268305301666e-03
2.963143633678555489e-03
3.336083143949508667e-03
3.849597414955496788e-03
3.735087113454937935e-03
2.891149604693055153e-03
2.895801328122615814e-03
4.974125884473323822e-03
8.202375844120979309e-03
9.070873260498046875e-03
6.319239269942045212e-03
3.834479954093694687e-03
6.259900517761707306e-03
7.823953405022621155e-03
8.711194619536399841e-03
1.053459756076335907e-02
8.620027452707290649e-03
7.087653037160634995e-03
8.586691692471504211e-03
1.708385162055492401e-02
2.575845457613468170e-02
2.660729177296161652e-02
1.348449662327766418e-02
1.418245211243629456e-02
2.017397247254848480e-02
2.370570972561836243e-02
2.101384848356246948e-02
1.890692487359046936e-02
1.244181860238313675e-02
1.647174172103404999e-02
3.086903132498264313e-02
2.921170182526111603e-02
